A=[1 0.361188311239684	0.0709486593009144 0.0578955264103535 0.0752435861321976
   1 0.361188311239684	0.0709486593009144 0.0578955264103535 0.0752435861321976
   1 0.360028422017994	0.165951206308385 0 0
   1 0.199741155531401	0.0850730720357112 0 0
   1 0.247218307796929 0.148830449585512 0 0.0519819341979845
   1 0.247218307796929 0.148830449585512 0 0.0519819341979845
   1 0.360028422017994 0.165951206308385 0 0
   1 0.199741155531401	0.0850730720357112 0 0];
